1.77,470,0.07
2.65,707,0.14
3.22,894,0.18
19.77,4790,0.21
35.08,7452,0.29
76.77,12692,0.32
283.23,22693,0.32
 
1.46,163,0.11
1.91,249,0.21
3.92,581,0.29
112.81,10582,0.29
 
0.73,89,0.07
1.10,135,0.29
1.32,169,0.36
118.49,10170,0.36
 
0.92,106,0.04
0.95,108,0.18
1.25,135,0.21
5.91,862,0.25
12.37,1789,0.29
12.45,1793,0.32
18.15,2521,0.36
148.24,12522,0.36
 
0.85,158,0.11
1.04,228,0.14
1.26,276,0.18
10.71,1995,0.21
10.94,2021,0.39
25.31,4984,0.54
67.86,14594,0.64
145.80,24595,0.64
 
0.53,198,0.18
4.41,2052,0.21
12.54,5015,0.46
28.82,9185,0.57
41.25,11497,0.64
101.68,19857,0.68
125.10,22492,0.79
238.42,32493,0.79
 
0.42,52,0.11
0.96,138,0.21
4.15,1329,0.25
6.77,2392,0.32
25.53,7674,0.43
41.38,10856,0.46
112.34,20857,0.46
 
0.36,122,0.14
0.47,167,0.21
0.52,184,0.25
4.40,1938,0.39
5.16,2247,0.43
20.41,6729,0.50
69.03,13168,0.57
194.71,23026,0.61
335.11,31276,0.64
353.54,32179,0.68
609.34,42180,0.68
 
0.42,77,0.04
0.60,138,0.11
0.91,223,0.18
5.28,1837,0.21
8.38,2647,0.25
8.66,2721,0.36
9.57,2870,0.39
33.65,7797,0.43
36.12,8205,0.46
59.52,11627,0.54
67.87,12529,0.57
75.48,13460,0.61
199.04,23461,0.61
 
0.13,20,0.07
0.53,112,0.11
0.98,221,0.14
1.08,243,0.18
6.29,1594,0.21
29.81,5391,0.32
31.95,5584,0.36
36.60,5959,0.46
149.59,15960,0.46
 
